0,474
49,4
49,3
49,2
49,1
49,0
52,3
52,2
0,471
52,1
52,0
51,3
51,2
51,1
51,0
0,483
0,485
0,482
0,481
0,479
0,480
0,477
0,476
0,478
0,475
0,489
0,487
0,486
0,488
0,484
50,4
50,3
50,2
50,1
50,0
48,3
48,2
48,1
48,0
44,4
44,3
44,2
44,1
44,0
47,3
47,2
47,1
47,0
0,280
46,3
46,2
46,1
46,0
0,303
0,300
45,4
0,297
0,293
45,3
45,2
45,1
45,0
0,291
0,282
0,279
43,3
43,2
0,274
43,1
43,0
0,472
0,243
39,4
39,3
39,2
39,1
39,0
42,3
42,2
0,469
42,1
42,0
0,468
0,467
0,466
41,3
41,2
41,1
41,0
0,465
0,464
0,463
0,462
0,461
0,460
40,4
0,459
40,3
40,2
0,458
40,1
40,0
0,457
0,456
0,455
0,454
38,3
38,2
0,453
38,1
38,0
13,3
14,3
0,268
0,267
0,266
0,265
0,264
0,263
0,262
0,261
0,260
0,259
0,258
0,257
0,256
0,255
0,254
0,253
0,252
0,251
0,250
0,249
0,248
0,247
0,246
0,245
0,244
0,242
0,241
0,240
0,239
0,238
0,237
0,236
0,235
0,234
0,233
0,232
0,231
0,230
0,229
0,228
0,227
0,226
0,225
0,224
0,223
0,222
0,221
0,220
0,219
0,218
0,217
0,216
0,215
0,214
0,213
0,212
0,211
